250
7 58 67
7 229 237
2 226 228
5 2 10
2 242 247
4 70 75
2 118 121
4 209 213
3 190 196
1 234 238
2 166 169
1 38 42
6 59 68
1 48 52
6 166 174
3 143 147
4 22 26
6 190 199
4 27 33
5 213 221
3 196 201
7 18 28
7 197 204
5 213 221
2 25 29
7 147 156
4 106 110
2 27 32
7 155 165
2 188 190
3 146 150
2 119 121
6 1 8
1 78 82
3 77 83
3 51 54
4 115 122
6 67 73
2 17 20
3 16 20
5 20 26
6 154 162
6 219 227
4 39 44
2 101 104
2 25 28
7 7 15
1 53 56
2 10 15
3 109 112
1 53 57
7 7 16
2 70 73
4 97 102
7 68 78
1 50 53
7 184 192
1 151 154
4 81 85
4 150 154
7 34 43
4 224 228
2 238 240
7 236 244
2 87 90
6 108 116
4 234 238
4 57 63
2 63 65
1 118 119
7 68 76
3 134 140
6 90 97
5 233 241
6 96 103
7 29 36
3 113 116
6 174 183
7 140 147
2 15 20
4 34 40
3 151 157
5 3 11
4 74 81
2 36 41
5 141 149
3 54 57
2 117 121
6 156 163
4 177 181
6 50 57
3 246 249
2 135 139
1 101 105
3 234 239
7 45 53
3 215 219
4 14 19
1 168 171
4 245 251
6 148 157
6 101 107
2 97 100
7 52 59
5 226 234
4 228 234
4 232 239
1 110 114
1 237 240
2 101 104
4 231 237
3 36 39
5 15 22
6 159 167
3 84 89
6 170 178
1 88 91
1 0 2
5 219 226
2 239 243
5 169 175
3 183 187
1 244 246
7 92 102
2 121 123
3 93 99
5 196 203
3 80 84
4 52 59
2 21 23
6 159 168
3 249 252
7 152 160
5 19 26
6 148 155
3 199 203
7 149 156
2 97 100
1 207 208
4 156 162
7 60 68
3 236 242
6 86 92
4 210 217
4 85 91
6 171 177
2 71 73
3 148 153
1 89 91
1 167 168
3 105 110
3 62 68
7 35 44
7 114 124
1 238 239
6 168 177
4 108 115
5 127 135
3 34 39
4 25 32
3 149 153
7 115 123
4 52 59
3 249 252
1 163 164
7 234 241
4 24 29
3 102 108
7 230 238
6 97 106
3 20 24
5 190 198
1 80 83
3 179 184
5 113 118
4 62 68
7 197 206
4 117 123
7 165 173
2 109 113
5 110 118
3 12 15
2 164 169
7 156 164
7 4 12
4 230 235
6 179 187
7 60 68
6 106 113
7 35 42
2 222 225
6 65 71
2 224 228
2 97 102
2 39 42
4 119 126
4 5 12
6 107 113
5 143 148
3 227 232
6 91 97
1 213 215
4 217 221
4 81 88
7 68 75
5 169 176
3 238 242
5 1 7
4 208 213
3 177 180
7 129 137
1 106 107
6 161 167
6 87 93
6 211 218
2 241 243
2 0 3
7 128 136
3 186 190
1 194 198
5 114 122
2 237 240
4 220 225
2 160 163
4 185 191
3 183 189
5 57 65
5 200 208
6 148 154
4 206 210
4 196 201
2 199 204
5 38 44
6 175 182
4 155 159
6 247 254
2 222 225
1 210 213
7 32 41
1 223 227
3 199 203
1 135 139
3 56 61
7 45 54
5 93 101
5 106 114
5 84 90
6 38 47
1 53 55
5 18 25
