4 144 151
6 21 27
4 127 131
5 62 70
3 137 140
5 117 122
5 84 90
2 15 18
7 71 81
2 147 149
4 50 56
1 128 129
2 10 15
5 138 145
4 84 88
3 111 114
2 29 33
3 30 34
3 16 20
3 10 16
3 67 71
2 26 31
2 65 68
3 105 110
4 56 62
1 41 43
3 43 49
3 69 72
1 133 134
5 57 65
4 18 25
2 0 3
7 29 39
1 63 64
1 139 141
7 120 129
1 119 123
3 12 18
3 88 93
6 99 106
1 145 147
3 41 44
7 130 139
5 16 24
5 41 47
1 136 140
5 76 84
7 134 141
3 56 60
3 76 79
2 47 52
3 144 148
6 5 11
3 1 4
7 9 17
2 46 51
3 80 85
3 63 68
6 108 116
7 3 13
2 123 126
2 83 85
5 80 87
2 78 81
7 20 29
1 39 43
2 71 76
4 96 103
7 9 19
2 107 111
1 118 121
2 94 99
3 49 53
2 127 131
7 19 27
2 118 123
6 48 57
7 105 112
5 149 157
5 98 106
4 53 58
5 143 149
6 111 120
2 100 102
6 140 146
1 28 30
5 22 28
7 65 72
4 18 22
2 34 37
1 84 85
2 116 118
4 125 130
4 138 142
7 18 25
3 113 116
1 28 29
1 66 67
1 47 48
1 6 8
4 78 83
3 15 20
4 58 63
3 149 155
2 116 118
6 36 45
5 19 24
5 5 10
5 53 61
1 73 75
1 147 150
5 63 68
2 117 121
2 139 143
6 135 144
4 67 72
6 130 139
1 63 66
4 119 125
6 67 75
6 27 34
1 115 117
3 101 105
7 57 64
5 104 111
2 70 72
1 146 149
7 137 144
1 12 14
3 7 10
3 84 89
2 126 130
7 105 115
7 142 149
5 113 119
5 71 79
2 36 40
5 35 41
5 125 132
2 149 151
3 13 16
6 34 42
1 85 86
3 53 58
4 86 91
1 141 145
4 14 18
2 142 145
1 26 29
3 68 74
