3 96 102
1 188 191
7 117 124
2 134 137
6 12 18
3 68 72
3 199 202
3 185 190
6 8 14
5 53 59
5 192 197
1 51 52
4 22 29
6 38 47
4 56 62
4 130 134
4 7 13
3 93 97
6 83 92
6 109 117
2 168 172
4 98 103
1 121 125
2 98 103
5 130 135
3 6 10
3 68 72
1 17 19
5 103 108
6 147 153
6 8 14
7 81 88
6 64 72
7 169 177
7 77 87
4 6 13
7 108 118
3 147 153
3 185 189
3 69 74
5 114 120
3 108 112
4 169 174
7 181 190
5 142 148
4 49 54
1 175 177
4 139 146
4 154 160
2 12 14
1 182 185
2 153 155
6 20 28
2 186 191
6 81 87
7 98 108
7 132 142
7 170 179
7 90 99
4 174 179
5 81 87
5 123 131
5 7 12
4 30 34
3 9 13
1 121 122
5 199 205
7 180 187
6 174 181
4 20 27
6 146 154
2 162 166
2 80 85
2 173 175
3 71 77
4 4 11
4 92 98
5 189 197
6 32 41
6 59 68
5 59 64
6 140 148
3 184 188
4 88 94
6 167 175
1 3 6
6 29 38
7 122 130
3 33 36
3 71 77
2 58 63
7 133 140
4 166 170
7 59 67
1 156 160
1 185 186
5 135 141
3 144 150
2 13 16
1 179 183
1 174 177
7 107 116
6 141 150
6 147 154
3 70 74
4 164 169
2 52 57
6 75 83
1 11 14
4 199 206
5 149 156
5 127 132
5 176 183
2 168 172
6 69 76
5 86 91
3 24 29
4 16 23
3 154 160
4 196 201
1 155 158
1 23 26
7 39 48
6 67 73
7 162 169
4 13 17
4 149 153
7 189 199
1 118 119
7 185 192
3 36 42
3 0 5
1 121 125
7 45 55
2 190 193
2 30 32
7 104 111
3 68 74
7 53 61
4 30 36
1 72 74
4 65 70
3 172 175
6 179 187
1 20 24
1 6 10
1 17 19
5 136 142
6 33 39
2 157 160
5 91 98
6 158 164
1 160 164
4 14 19
6 199 208
3 3 6
6 50 57
1 143 147
5 44 50
7 184 191
2 34 36
4 89 94
3 127 130
3 134 138
3 75 80
7 45 55
2 90 93
6 133 141
4 34 40
7 106 116
5 166 173
2 114 119
6 142 151
6 153 161
4 64 71
1 123 126
5 43 49
6 159 165
3 56 62
7 153 160
7 22 31
7 183 192
1 156 160
5 66 72
7 3 11
1 90 91
2 116 121
3 185 191
6 17 25
1 83 85
2 128 133
6 4 12
1 23 27
1 188 190
2 164 167
6 169 175
7 183 193
4 15 19
6 92 101
5 37 45
