3 148 152
1 17 21
5 261 267
1 27 28
3 394 399
2 339 342
1 54 55
6 256 265
5 88 93
7 77 86
2 306 311
3 222 225
4 373 380
1 220 221
7 346 353
2 237 239
5 25 30
5 38 46
7 264 271
7 269 279
3 162 168
5 92 98
2 311 316
2 20 23
6 379 385
6 295 301
7 386 393
5 312 319
3 143 148
6 158 165
7 221 230
1 191 193
5 6 13
6 264 273
5 244 250
3 183 188
4 4 11
2 15 17
3 239 243
7 39 48
2 115 120
7 383 393
4 318 324
6 319 326
5 328 334
1 172 176
7 11 20
7 65 72
4 345 349
5 108 114
7 175 185
7 217 227
6 147 153
1 258 262
1 428 429
6 252 260
4 226 233
4 261 268
2 209 214
5 205 213
6 233 240
4 100 104
2 370 375
3 281 286
4 177 181
2 202 204
7 38 47
7 425 435
1 259 260
2 432 434
6 273 279
6 1 9
3 400 406
2 172 177
2 272 274
5 116 121
5 219 224
1 78 79
2 67 69
7 412 419
4 117 122
1 106 108
4 34 38
1 9 10
5 212 218
1 222 224
2 52 55
3 135 139
7 424 434
2 269 273
6 385 394
2 169 171
4 87 92
2 147 150
7 294 302
6 341 349
3 140 144
1 350 354
1 112 115
4 338 345
1 256 259
3 155 158
6 90 99
5 80 87
4 237 244
2 292 296
1 356 359
4 82 88
3 299 304
7 37 47
2 261 263
7 310 317
2 74 77
5 130 135
5 211 218
6 198 205
2 7 12
3 48 51
6 116 125
7 97 106
6 416 424
4 297 303
1 329 332
4 250 255
1 17 18
6 384 390
4 341 346
3 116 120
4 10 17
3 283 286
2 104 107
4 200 207
6 1 10
1 247 251
6 97 106
2 160 162
1 329 333
4 379 384
5 157 165
7 281 290
7 399 407
4 429 435
6 204 210
5 305 313
6 337 344
7 383 393
1 198 201
2 360 364
6 70 76
4 184 190
5 103 109
4 357 361
5 284 292
4 36 42
1 145 146
4 324 330
4 19 26
5 258 266
6 424 432
7 443 451
5 172 178
6 367 375
7 293 300
2 332 335
1 332 335
3 348 354
7 358 368
6 10 17
4 144 148
3 82 86
7 224 232
1 345 349
1 176 179
2 183 187
4 423 430
5 131 139
5 427 432
6 381 387
6 185 193
4 120 127
5 99 106
6 40 48
2 330 332
3 286 290
5 104 109
3 229 232
4 131 138
2 131 135
3 263 269
4 259 263
3 375 380
1 248 251
2 8 10
7 318 326
3 352 355
6 6 12
7 357 367
7 290 300
7 383 391
7 302 309
7 195 202
4 68 74
6 77 84
4 68 74
5 220 225
7 94 101
1 433 437
7 395 405
6 77 86
3 50 53
6 76 84
2 29 33
2 354 358
4 184 189
2 360 363
6 167 176
6 127 135
6 161 170
2 166 171
3 271 276
4 429 434
3 42 47
6 248 254
7 310 320
6 97 103
1 206 208
4 381 386
1 244 248
4 128 134
4 68 73
3 423 429
3 411 416
6 167 174
5 41 49
3 0 6
3 440 443
7 89 96
7 179 189
5 417 422
1 244 247
4 6 13
1 218 220
1 245 248
5 160 165
7 333 340
7 446 453
5 419 425
1 139 141
6 69 78
3 132 138
4 229 236
1 314 316
1 165 167
4 236 241
3 176 180
4 126 130
7 437 447
2 415 417
5 363 368
4 110 117
2 413 415
3 310 315
7 394 402
5 51 57
2 315 317
2 401 403
1 246 248
1 300 302
5 55 62
5 288 293
3 97 102
7 304 311
6 429 436
1 311 312
1 163 164
1 64 68
7 8 16
2 342 345
3 107 112
2 53 58
1 171 174
3 361 364
6 354 361
3 347 352
1 434 435
1 424 427
2 2 7
6 411 417
4 23 27
5 258 264
1 384 386
5 279 285
1 384 385
3 222 225
3 71 75
5 43 48
2 202 207
3 410 415
1 62 64
3 184 188
3 171 176
2 201 206
2 266 270
5 199 205
6 31 37
3 324 329
6 295 301
2 409 411
3 377 382
7 217 227
1 255 258
7 405 414
1 299 303
7 89 97
3 56 59
6 2 9
7 266 276
3 332 337
1 364 367
6 44 51
5 387 392
1 62 65
3 105 110
5 399 407
2 277 281
5 400 408
7 406 414
4 354 361
1 257 261
4 348 352
3 136 139
5 16 24
1 396 397
7 181 188
5 430 435
7 133 141
2 293 297
2 200 205
1 35 38
6 246 253
7 310 317
6 143 152
5 432 440
1 430 433
4 238 244
5 208 215
1 352 355
6 237 245
2 138 141
1 316 318
7 110 118
3 328 333
7 356 363
6 180 189
7 20 28
3 277 281
4 376 380
7 171 180
2 319 322
6 288 295
7 397 405
5 384 390
1 365 368
1 388 389
2 254 259
4 113 120
4 429 435
4 383 388
1 416 417
4 287 292
4 89 93
5 431 436
7 327 337
6 238 244
7 252 262
5 275 282
1 324 328
6 84 93
3 398 401
6 410 418
4 78 83
5 113 120
4 156 163
6 132 141
2 73 76
5 346 351
3 337 342
2 314 316
7 72 79
3 178 184
6 144 153
4 240 247
4 136 141
2 22 24
1 326 330
1 446 449
1 294 297
6 12 20
1 342 345
3 312 315
2 141 146
4 311 317
4 97 104
4 438 443
7 126 135
2 401 406
4 363 370
7 31 39
7 90 97
6 307 313
2 425 429
1 177 179
1 135 136
3 161 164
5 347 354
4 266 272
5 139 146
2 98 103
1 286 290
1 217 220
6 146 154
2 268 272
7 397 407
5 246 254
2 271 275
7 227 234
2 339 344
7 179 186
4 428 432
2 331 333
7 321 331
4 68 73
6 333 339
4 218 223
1 159 162
6 437 445
7 326 336
1 413 416
5 7 13
6 191 198
1 439 442
5 297 305
1 285 288
3 353 359
6 321 327
5 318 324
7 342 350
5 353 361
7 208 217
7 430 440
