2 128 130
4 326 333
6 3 9
2 201 205
7 57 67
5 376 383
1 28 32
4 333 338
2 92 96
7 73 80
3 224 227
2 35 37
1 226 228
3 68 74
2 48 52
2 186 191
1 74 75
5 341 346
7 332 342
2 61 64
2 188 192
1 70 71
1 101 104
5 287 294
2 355 358
5 107 114
3 372 377
1 235 239
3 320 326
4 371 378
7 303 310
4 205 211
4 240 244
7 164 174
2 210 215
1 394 398
7 86 95
7 377 386
3 226 232
4 96 102
2 125 130
6 115 123
6 229 237
7 51 58
5 30 38
4 321 328
4 343 350
3 332 335
7 328 338
5 357 365
4 270 275
5 231 238
2 164 169
3 141 145
3 181 184
7 96 103
3 319 325
1 258 261
5 46 51
5 99 107
3 187 193
7 153 161
3 73 78
1 342 345
1 342 344
3 203 206
6 90 99
7 187 195
3 147 153
1 171 174
3 287 291
5 367 375
6 31 37
5 29 36
4 87 92
5 81 88
7 131 140
1 86 87
7 119 126
5 89 96
6 241 250
1 203 205
6 383 392
3 367 372
1 241 242
4 145 149
1 386 390
1 123 124
6 210 217
1 39 43
2 347 352
2 247 249
5 198 203
3 259 264
3 291 296
7 86 96
6 157 164
5 72 79
7 167 174
1 280 283
5 299 305
4 202 208
2 303 308
6 165 171
6 30 38
5 387 394
5 322 329
6 315 323
1 79 81
7 222 231
7 189 196
2 172 176
3 33 36
7 5 14
7 187 197
2 352 356
1 399 403
7 145 153
5 71 76
4 76 81
7 23 33
6 278 284
4 70 74
5 388 394
7 77 87
4 144 148
3 216 219
7 187 195
7 386 393
4 134 139
4 229 234
1 269 272
5 250 256
6 290 297
5 93 100
7 63 73
1 5 8
4 290 295
7 320 329
4 59 65
3 253 259
5 246 252
6 373 381
7 146 154
7 213 223
7 334 341
6 31 39
3 103 108
7 42 49
4 183 189
3 97 102
3 269 275
4 299 304
6 11 20
7 91 99
2 6 8
5 380 387
4 202 209
3 213 216
2 241 245
6 272 278
5 337 345
1 17 20
7 198 206
4 93 100
7 30 38
6 166 173
1 216 217
5 128 133
5 244 250
4 383 390
2 126 131
1 136 137
4 361 366
2 43 45
6 342 349
6 329 338
3 290 294
6 117 126
5 289 297
1 206 209
2 144 148
2 124 128
6 301 310
7 41 51
4 386 390
7 294 303
2 73 77
3 47 51
5 270 276
5 327 334
2 339 342
1 372 375
3 197 200
4 246 253
4 239 246
7 286 294
2 282 284
2 22 27
3 284 290
6 332 340
7 215 223
4 298 304
2 48 50
3 350 354
7 53 60
1 394 396
5 53 59
7 376 384
4 237 243
7 107 115
3 264 267
4 248 252
5 120 128
3 164 168
3 309 314
4 238 243
1 103 107
2 4 8
6 9 15
3 242 246
4 248 253
4 215 221
4 141 146
7 281 290
6 142 148
1 368 371
3 211 214
1 330 333
1 340 342
7 249 256
3 8 13
3 117 123
1 118 122
2 109 114
2 237 239
5 122 130
5 292 297
1 367 371
6 74 80
3 142 147
1 188 189
1 93 95
4 249 253
3 338 342
6 218 227
6 85 93
2 211 213
4 5 10
2 359 361
2 352 357
6 354 360
6 194 203
6 83 90
3 84 89
6 44 53
1 236 239
6 121 128
2 75 79
4 384 391
1 109 110
5 150 155
5 90 95
1 215 219
3 374 378
5 301 309
1 293 297
3 241 247
6 200 206
2 98 103
5 199 207
1 322 326
3 184 188
3 393 396
2 309 312
1 96 97
7 313 321
3 3 8
2 138 141
2 227 232
1 27 30
4 396 402
1 102 106
3 128 134
5 57 62
1 44 48
5 24 29
4 187 191
6 264 272
4 288 293
2 324 327
6 128 136
2 387 392
4 13 17
4 166 173
2 246 251
2 235 240
7 56 65
1 205 208
2 296 300
2 227 231
4 12 16
2 75 78
6 103 111
4 2 9
1 306 308
5 1 6
4 329 333
1 9 11
3 238 242
3 32 35
7 127 135
5 300 307
1 244 245
4 307 314
2 175 178
3 148 154
3 351 354
5 49 56
1 278 279
5 282 289
4 257 264
7 278 285
4 112 117
5 184 190
1 36 39
4 346 350
3 336 340
1 226 228
1 180 182
3 161 164
7 93 103
1 201 204
7 318 325
1 170 173
4 120 126
5 295 302
6 322 329
7 284 294
7 335 345
1 302 306
6 89 95
2 275 277
3 182 187
3 355 359
3 314 320
2 18 21
6 266 273
7 96 106
2 279 281
7 41 48
3 266 270
2 190 192
1 359 362
6 349 355
5 365 373
5 232 238
4 56 60
1 111 114
7 33 42
5 164 169
3 203 207
1 46 49
1 78 81
7 69 78
1 292 293
2 174 177
6 398 406
7 164 172
3 197 202
1 67 69
1 336 340
2 4 7
7 29 39
5 79 86
2 161 163
1 268 269
3 90 93
7 223 232
4 63 69
7 199 208
5 337 344
5 301 306
3 195 199
3 239 245
5 286 291
3 70 76
2 145 149
1 128 130
5 181 186
4 68 72
1 182 186
4 256 261
5 379 385
3 111 117
6 357 366
5 3 8
6 89 98
6 165 172
1 231 235
