500
7 257 265
4 71 76
7 319 326
2 189 194
4 257 263
6 341 348
6 16 22
7 141 149
5 180 186
5 333 339
6 143 149
3 183 188
4 472 478
1 278 279
4 124 128
5 186 192
3 133 138
1 370 372
3 184 190
7 284 293
3 234 238
2 109 114
1 285 288
5 473 478
3 329 333
6 481 487
4 392 399
5 416 423
1 222 225
5 326 334
3 115 121
5 418 425
6 397 405
4 444 448
4 333 339
3 196 201
5 452 460
5 193 201
6 313 321
2 491 494
3 176 180
2 68 71
6 6 12
2 479 484
1 258 262
4 318 322
1 9 12
6 479 487
3 179 182
2 449 452
6 248 257
1 453 454
4 477 481
6 8 14
5 299 306
4 149 153
2 417 419
1 491 494
2 214 216
1 437 440
7 444 452
6 468 476
4 2 9
1 269 271
2 57 61
7 170 177
3 151 155
3 188 191
7 206 215
6 373 379
4 298 304
2 108 112
4 312 316
3 451 454
1 19 21
5 154 160
5 117 122
1 463 464
6 397 405
7 111 118
6 300 307
2 436 440
2 446 451
7 363 372
4 136 140
3 97 100
2 468 472
6 87 95
6 42 51
5 360 366
7 293 301
2 483 488
7 150 160
6 353 359
7 284 293
4 1 5
7 122 131
1 57 60
1 444 446
1 309 311
3 5 9
7 39 48
6 225 232
2 350 355
5 198 204
3 172 177
1 31 35
2 297 301
1 328 329
6 23 32
7 163 171
6 162 169
3 135 140
5 207 215
2 62 64
6 149 156
6 94 102
7 230 240
3 292 297
7 107 116
7 88 98
1 447 448
7 217 224
2 254 258
3 458 463
1 372 376
5 284 291
1 73 76
2 398 402
6 166 175
4 469 473
1 218 220
4 181 185
7 350 360
2 114 117
6 479 488
5 255 261
5 169 177
5 406 414
4 96 100
6 180 188
1 36 37
6 304 313
5 479 487
5 360 368
5 214 222
7 315 325
7 324 334
5 16 23
6 290 298
2 428 430
7 421 428
7 496 505
3 273 276
6 414 423
7 103 112
3 384 387
3 5 9
6 130 139
5 179 185
4 70 76
6 169 177
6 414 423
3 491 497
7 71 81
4 98 104
5 363 368
1 264 268
3 467 470
1 442 443
2 167 170
6 2 10
3 276 282
7 16 26
6 406 415
3 232 236
4 455 460
5 252 257
3 238 244
2 290 295
6 293 299
6 301 310
5 98 105
3 52 56
4 452 457
1 109 111
5 471 476
4 237 241
1 221 222
1 208 209
3 306 309
7 221 230
3 59 63
1 478 480
6 262 270
4 229 236
7 379 388
4 283 288
3 130 135
2 229 232
1 267 268
4 101 105
4 436 441
5 111 116
4 377 382
2 413 416
4 152 157
7 47 55
3 172 178
7 14 23
6 43 52
7 331 338
3 82 85
7 276 286
5 176 183
7 78 88
5 133 139
1 360 364
4 206 210
3 412 417
4 77 82
3 382 385
6 445 451
7 181 190
3 55 58
4 392 399
6 203 210
2 139 143
6 84 92
2 74 78
6 330 339
5 498 503
1 425 426
2 396 398
3 127 132
3 119 124
2 190 192
7 226 234
6 410 418
2 49 53
2 323 327
2 171 176
2 122 126
3 14 20
5 378 386
5 421 429
3 346 351
2 413 418
6 447 456
6 354 360
6 193 201
6 105 111
6 323 330
6 242 250
7 218 227
2 197 202
5 24 31
5 36 42
5 235 243
7 166 176
2 166 170
4 121 127
3 240 246
5 295 300
7 294 303
5 147 155
3 129 133
3 440 444
1 12 14
2 287 291
1 153 156
4 335 339
4 284 288
7 485 494
5 114 121
6 51 60
6 422 430
5 314 320
3 82 87
6 366 374
5 475 482
2 295 299
4 273 279
2 411 414
5 148 153
4 291 296
2 413 418
6 390 397
3 412 416
5 477 484
5 195 200
7 425 434
2 410 414
3 58 62
3 315 321
7 387 395
7 427 436
6 416 423
4 38 45
1 299 300
3 447 452
3 209 212
7 352 361
7 287 297
1 359 362
2 73 77
3 477 482
1 23 27
4 309 316
2 113 118
4 70 75
2 166 170
6 355 361
3 50 56
2 441 446
3 335 338
3 183 186
3 199 205
4 111 118
4 216 223
2 441 446
1 121 122
3 422 427
7 16 26
3 284 288
1 348 351
5 479 485
3 428 431
5 394 402
4 300 304
1 333 336
4 390 396
5 49 57
5 286 292
7 267 276
4 38 42
1 248 252
6 174 183
3 433 439
4 229 234
6 172 178
5 40 45
7 81 89
1 63 65
6 373 381
2 155 158
4 419 425
7 8 17
3 400 404
5 457 463
1 451 455
6 75 84
1 453 454
1 317 318
4 234 240
7 332 341
7 399 408
4 319 324
2 408 413
7 89 98
3 469 473
2 398 402
5 263 270
3 316 321
1 89 93
5 312 317
5 303 310
2 268 273
3 355 361
3 486 489
4 483 487
5 125 133
7 215 224
5 154 160
1 292 295
4 138 143
4 395 401
1 212 214
2 365 367
1 482 483
5 421 428
1 262 266
2 353 356
2 439 444
1 234 235
6 492 499
7 1 9
6 16 23
2 140 144
7 347 356
2 246 251
1 353 357
6 318 325
5 476 481
2 112 115
4 330 334
5 117 124
6 10 19
4 403 409
3 148 153
1 424 427
6 302 308
7 422 431
2 112 114
5 337 345
7 304 314
6 61 67
1 31 32
1 159 160
6 291 297
2 476 481
7 178 187
5 31 37
4 232 236
6 161 167
5 416 423
2 147 150
5 208 214
5 276 282
5 161 167
4 186 190
7 36 43
7 78 88
2 50 53
4 267 274
6 215 222
5 472 477
6 311 319
5 85 90
7 28 35
1 331 334
6 220 227
2 163 166
6 409 418
7 440 448
7 145 154
3 186 190
1 152 154
2 298 303
2 205 210
4 147 154
2 441 446
1 208 212
5 179 184
1 136 138
4 424 428
4 260 265
5 129 136
4 183 188
4 378 383
4 283 288
3 82 87
7 334 344
4 327 334
5 199 206
4 38 43
7 402 409
7 111 121
2 11 15
7 499 506
2 50 55
4 182 186
6 27 36
5 79 86
4 232 237
3 0 6
5 223 231
2 145 147
4 3 8
1 43 44
1 47 49
5 14 21
5 77 82
3 349 354
1 84 85
2 298 300
1 68 72
7 203 212
2 353 356
7 148 158
3 244 247
4 229 234
1 45 49
3 15 19
4 175 179
4 414 420
4 222 229
4 82 87
3 361 367
6 91 98
3 188 191
2 63 68
3 236 242
7 332 342
6 236 243
2 328 332
5 72 79
4 483 489
3 328 331
1 191 193
