1 29 30
1 36 40
1 65 68
3 25 31
7 95 102
1 9 13
7 61 70
1 44 48
7 7 15
7 44 53
4 93 99
1 12 14
7 7 17
1 56 57
7 57 64
2 62 64
7 10 18
5 89 97
6 71 79
1 12 16
6 72 81
1 74 75
3 96 102
7 48 55
7 42 50
2 11 14
6 26 32
1 85 89
4 11 15
5 91 98
1 86 88
3 58 62
7 65 73
2 16 18
3 75 79
4 0 4
3 18 21
6 48 57
4 61 65
3 17 22
1 0 2
2 89 93
3 95 98
1 45 49
5 52 59
4 96 100
4 52 59
2 77 82
1 52 55
5 66 74
6 57 63
2 67 69
2 32 37
1 35 36
5 33 39
1 91 94
2 46 49
7 69 79
3 99 103
3 64 68
7 74 83
7 54 63
5 44 51
1 42 46
4 80 87
1 10 12
5 84 91
4 55 59
4 81 87
5 63 71
5 82 87
7 88 95
6 26 32
1 54 57
2 13 16
7 44 51
6 36 44
4 12 16
7 55 62
6 89 98
6 66 72
2 31 33
1 62 66
4 11 17
3 1 6
6 7 15
4 18 24
1 65 66
5 85 90
2 48 50
1 88 89
6 29 38
4 90 94
3 89 95
5 44 49
5 76 81
2 40 43
1 48 52
2 82 85
3 65 70
