350
7 176 184
4 271 275
6 322 328
4 277 282
1 342 346
3 85 91
7 179 186
5 236 243
7 19 27
7 36 45
1 330 331
2 149 153
2 82 87
4 88 92
6 221 229
3 107 113
7 295 302
6 56 64
6 206 212
6 238 247
2 204 208
6 97 104
7 281 290
7 154 164
7 308 317
6 195 202
6 296 302
2 154 158
2 231 236
3 183 186
7 225 234
6 6 15
4 10 16
6 203 211
3 94 97
1 50 53
4 185 190
1 189 190
4 210 216
1 145 147
5 168 175
6 123 129
6 135 141
7 204 214
5 292 298
2 339 344
4 170 174
4 14 18
2 176 178
1 235 236
2 316 321
2 121 125
4 325 332
2 64 67
4 50 57
7 259 269
1 166 169
6 136 145
5 88 94
4 56 61
6 302 310
2 219 223
5 173 180
1 310 313
3 291 295
5 82 90
6 168 176
1 189 192
6 77 84
7 7 14
3 296 299
2 171 175
5 96 101
5 253 260
7 329 338
2 122 126
7 202 212
1 111 112
4 167 172
4 323 329
6 27 34
3 122 125
4 223 229
3 236 239
4 40 46
6 226 235
6 262 269
7 36 44
2 55 57
3 35 39
7 70 77
3 175 180
1 271 275
7 339 348
5 17 23
4 202 206
7 147 155
2 70 75
2 180 185
4 281 286
6 297 304
7 304 311
7 104 113
1 142 146
5 271 278
4 103 109
1 237 238
6 16 25
1 247 250
3 284 288
2 36 38
2 287 289
6 196 204
4 204 210
3 223 227
5 166 171
2 320 322
7 51 58
4 342 348
3 149 154
3 187 191
2 134 138
6 339 347
7 144 153
6 176 183
1 34 38
1 36 38
5 91 97
5 121 128
6 187 194
3 68 74
1 295 296
6 49 57
6 156 165
3 309 314
1 225 227
6 239 248
7 180 188
5 266 274
1 15 18
6 284 293
2 104 107
3 248 253
2 118 122
2 184 186
2 32 35
2 136 139
6 172 180
2 280 285
1 109 110
7 105 113
5 266 273
5 148 156
4 222 226
7 315 325
2 297 301
7 266 275
3 257 262
3 39 42
5 109 115
6 268 276
7 157 167
4 244 251
6 294 302
7 166 174
7 177 187
7 119 129
6 161 170
4 12 19
5 96 102
5 296 302
2 50 55
4 214 219
6 219 228
3 247 251
7 280 288
3 91 95
1 336 340
5 253 261
2 154 159
1 210 213
3 204 207
5 313 319
6 304 312
6 148 154
1 70 72
3 40 43
2 149 151
1 173 174
2 162 164
2 21 26
1 86 88
4 76 81
2 103 106
7 269 276
7 307 316
7 157 166
6 313 320
5 186 194
1 292 293
7 64 74
3 70 76
6 348 357
1 68 69
4 276 280
1 85 86
1 85 86
5 225 233
1 342 343
2 267 269
6 311 320
2 119 122
5 220 225
4 55 59
1 239 243
5 55 60
6 139 148
3 246 249
2 76 80
6 304 310
2 176 179
3 247 250
1 264 266
5 300 307
2 16 21
7 166 176
4 100 104
3 218 223
2 135 139
7 287 296
2 117 122
5 173 179
2 177 181
4 317 323
4 46 52
4 231 237
5 328 334
3 58 62
5 232 238
6 241 248
2 127 131
3 162 168
5 292 300
5 302 308
6 149 158
2 302 306
2 31 34
5 311 318
6 91 97
6 262 269
6 198 206
4 268 272
4 102 109
4 256 260
6 256 264
5 20 28
6 132 138
5 226 232
1 1 3
3 322 326
2 288 292
7 40 50
4 197 203
2 181 186
4 183 190
3 200 203
7 204 214
2 240 243
6 10 17
2 136 138
6 232 238
5 308 316
5 53 60
3 21 24
1 42 44
2 219 221
7 305 312
2 135 138
4 264 271
3 233 236
1 131 132
4 280 286
3 53 59
7 54 63
5 80 87
2 96 101
1 95 99
1 192 194
4 38 44
4 224 229
2 271 274
6 230 237
1 92 95
3 147 153
7 92 102
4 332 336
4 349 354
7 174 184
3 113 117
4 2 6
2 299 301
5 204 210
7 223 231
4 287 294
2 318 321
4 127 133
6 290 297
1 155 158
4 268 272
7 185 194
4 221 227
5 144 152
1 39 43
1 338 339
2 285 289
5 82 88
5 245 250
5 163 171
2 277 280
2 73 77
1 326 328
1 260 264
3 332 337
6 261 270
2 150 153
1 318 322
1 180 182
4 115 120
2 121 124
1 297 298
7 88 95
3 270 275
5 175 182
2 28 32
5 220 226
1 148 149
5 57 63
4 311 318
7 176 186
3 268 274
6 251 257
3 334 339
5 173 181
6 174 183
4 108 115
3 36 42
6 177 183
5 215 221
2 74 78
1 129 130
