4 136 141
4 91 97
6 76 82
2 131 133
5 245 251
4 172 178
3 194 199
7 130 140
7 95 103
6 269 276
5 179 184
3 206 210
6 266 275
4 42 48
5 295 300
3 113 117
2 32 37
6 289 297
7 95 104
2 209 213
7 241 249
2 84 86
7 122 129
4 108 112
7 262 272
4 11 15
3 288 291
5 64 72
6 4 12
7 266 273
5 58 66
6 34 42
4 15 19
6 79 85
1 163 164
6 213 222
7 76 84
1 8 9
1 17 19
3 165 170
2 153 156
5 205 211
6 192 199
2 5 8
1 47 50
4 273 279
2 244 247
1 213 217
1 46 50
2 192 194
6 218 226
4 180 187
7 225 234
6 61 70
2 233 237
1 88 91
2 105 108
6 110 116
2 166 169
5 80 86
2 116 118
4 229 234
6 49 56
3 228 233
3 91 97
1 168 172
7 129 139
7 260 270
1 148 152
7 250 260
4 203 207
6 57 66
1 276 278
3 93 96
6 83 89
6 49 55
2 125 127
4 64 69
5 228 234
5 162 167
4 12 19
6 283 292
1 113 114
6 255 263
4 193 200
1 73 76
6 202 209
7 63 71
6 78 85
6 238 247
1 145 146
1 164 166
6 120 129
4 207 213
4 210 215
6 179 186
1 32 36
1 223 225
1 225 227
3 162 166
2 167 172
6 64 73
5 166 171
3 151 154
1 218 221
6 282 288
7 108 118
2 171 175
2 269 272
4 55 59
6 256 263
3 60 66
3 116 120
7 105 113
5 185 192
4 103 109
5 222 229
1 105 106
5 65 70
5 91 97
4 121 126
6 214 223
7 19 29
1 250 254
7 62 70
5 214 222
5 43 51
3 86 92
4 158 162
3 23 29
5 284 291
4 1 5
2 9 11
1 123 124
7 104 114
1 62 63
1 288 289
6 291 299
1 138 142
5 225 230
4 13 18
4 222 226
7 222 231
1 98 101
7 138 146
3 130 136
5 162 170
4 146 150
6 35 44
7 275 282
4 114 121
4 57 64
7 97 105
3 283 289
7 244 254
6 220 228
1 84 85
1 147 151
5 102 107
2 167 170
6 177 183
2 185 190
1 69 72
7 275 283
7 248 258
2 111 115
1 67 68
3 187 193
4 41 46
7 268 275
2 70 75
7 233 243
4 135 140
7 5 13
5 275 280
6 41 49
5 272 278
7 291 299
3 258 261
7 257 264
5 148 154
7 92 102
4 21 28
2 204 207
7 187 194
7 275 285
5 105 113
1 165 167
7 281 290
5 26 33
3 13 18
6 171 180
3 184 190
5 68 73
7 140 147
5 239 247
5 10 16
4 116 122
1 9 10
7 158 166
2 255 260
6 222 229
1 235 238
4 142 148
6 71 77
6 131 138
4 236 241
4 272 279
3 132 138
5 267 273
3 232 236
6 165 174
7 201 209
5 292 299
5 278 283
1 178 180
6 19 28
2 66 68
4 289 293
2 109 114
1 102 104
4 235 239
3 193 199
2 197 202
5 72 80
1 9 10
6 215 223
3 226 232
3 174 180
2 290 293
1 280 283
3 211 216
4 280 284
5 228 235
7 258 265
2 212 215
4 79 84
5 250 258
2 231 235
4 13 19
7 115 122
3 107 112
6 146 154
6 161 167
4 195 200
1 62 64
2 25 27
5 24 30
6 244 252
7 211 221
6 33 41
5 280 285
7 225 234
3 46 50
1 139 141
2 250 255
3 157 160
6 198 207
1 95 96
1 94 98
3 109 114
6 257 264
7 10 19
2 233 236
6 165 172
3 214 217
6 210 218
4 268 275
4 141 145
3 292 297
4 182 188
4 90 96
6 265 272
2 150 155
2 20 25
5 93 100
7 161 171
2 272 276
6 102 109
7 161 170
7 64 72
6 234 240
1 237 240
2 247 251
3 116 119
3 211 214
5 222 228
3 130 134
7 295 302
2 174 178
7 255 264
1 193 195
6 177 185
7 180 187
4 41 48
2 213 215
1 282 284
6 121 127
3 184 190
7 260 269
